  -2.400   -2.231   -2.100     98.79  -0.27 +0.27
  -2.100   -1.828   -1.600     99.39  -0.05 +0.04
  -1.600   -1.346   -1.100     99.70  -0.03 +0.03
  -1.100   -0.843   -0.600     99.54  -0.02 +0.02
  -0.600   -0.298    0.000     99.37  -0.02 +0.02
   0.000    0.299    0.600     99.59  -0.01 +0.01
   0.600    0.843    1.100     99.76  -0.02 +0.02
   1.100    1.348    1.600     99.61  -0.03 +0.03
   1.600    1.828    2.100     99.30  -0.04 +0.04
   2.100    2.234    2.400     98.19  -0.22 +0.21
